Entita c.1:  10000.0  10000.0  10000.0  10000.0  10000.0  444.0  176.0  265.0  202.0  387.0  

Entita c.2:  10000.0  10000.0  10000.0  10000.0  10000.0  315.0  128.0  44.0  48.0  559.0  

Entita c.3:  10000.0  10000.0  10000.0  10000.0  10000.0  81.0  356.0  193.0  278.0  544.0  

Entita c.4:  10000.0  10000.0  10000.0  10000.0  10000.0  215.0  458.0  357.0  403.0  350.0  

Entita c.5:  10000.0  10000.0  10000.0  10000.0  10000.0  405.0  388.0  384.0  374.0  180.0  

Entita c.6:  444.0  315.0  81.0  215.0  405.0  0.0  435.0  274.0  358.0  554.0  

Entita c.7:  176.0  128.0  356.0  458.0  388.0  435.0  0.0  173.0  81.0  555.0  

Entita c.8:  265.0  44.0  193.0  357.0  384.0  274.0  173.0  0.0  92.0  564.0  

Entita c.9:  202.0  48.0  278.0  403.0  374.0  358.0  81.0  92.0  0.0  550.0  

Entita c.10:  387.0  559.0  544.0  350.0  180.0  554.0  555.0  564.0  550.0  0.0  

