Entita c.1:  10000.0  10000.0  10000.0  10000.0  10000.0  444.0  176.0  265.0  202.0  387.0  

Entita c.2:  10000.0  10000.0  10000.0  10000.0  10000.0  315.0  128.0  44.0  48.0  559.0  

Entita c.3:  10000.0  10000.0  10000.0  10000.0  10000.0  81.0  356.0  193.0  278.0  544.0  

Entita c.4:  10000.0  10000.0  10000.0  10000.0  10000.0  215.0  458.0  357.0  403.0  350.0  

Entita c.5:  10000.0  10000.0  10000.0  10000.0  10000.0  405.0  388.0  384.0  374.0  180.0  

Entita c.6:  444.0  315.0  81.0  215.0  405.0  0.0  435.0  274.0  358.0  554.0  

Entita c.7:  176.0  128.0  356.0  458.0  388.0  435.0  0.0  173.0  81.0  555.0  

Entita c.8:  265.0  44.0  193.0  357.0  384.0  274.0  173.0  0.0  92.0  564.0  

Entita c.9:  202.0  48.0  278.0  403.0  374.0  358.0  81.0  92.0  0.0  550.0  

Entita c.10:  387.0  559.0  544.0  350.0  180.0  554.0  555.0  564.0  550.0  0.0  

Entita c.1:  0.0  0.0  0.0  0.0  0.0  203.0  528.0  178.0  452.0  408.0  438.0  387.0  242.0  441.0  159.0  320.0  217.0  190.0  198.0  568.0  482.0  316.0  497.0  331.0  94.0  

Entita c.2:  0.0  0.0  0.0  0.0  0.0  235.0  441.0  338.0  283.0  176.0  204.0  343.0  183.0  550.0  222.0  447.0  406.0  405.0  260.0  465.0  496.0  550.0  282.0  225.0  295.0  

Entita c.3:  0.0  0.0  0.0  0.0  0.0  223.0  213.0  536.0  77.0  202.0  289.0  576.0  418.0  466.0  254.0  405.0  445.0  476.0  252.0  232.0  332.0  646.0  180.0  453.0  383.0  

Entita c.4:  0.0  0.0  0.0  0.0  0.0  180.0  194.0  559.0  290.0  427.0  509.0  705.0  536.0  239.0  222.0  213.0  316.0  370.0  181.0  242.0  116.0  535.0  413.0  600.0  326.0  

Entita c.5:  0.0  0.0  0.0  0.0  0.0  165.0  426.0  392.0  455.0  510.0  571.0  619.0  464.0  207.0  159.0  86.0  81.0  140.0  134.0  474.0  298.0  300.0  550.0  548.0  144.0  

Entita c.6:  203.0  235.0  223.0  180.0  165.0  0.0  328.0  381.0  300.0  346.0  411.0  532.0  365.0  315.0  44.0  216.0  222.0  253.0  30.0  371.0  290.0  424.0  387.0  437.0  170.0  

Entita c.7:  528.0  441.0  213.0  194.0  426.0  328.0  0.0  702.0  212.0  405.0  492.0  785.0  622.0  409.0  372.0  406.0  506.0  557.0  343.0  48.0  211.0  725.0  335.0  664.0  495.0  

Entita c.8:  178.0  338.0  536.0  559.0  392.0  381.0  702.0  0.0  603.0  511.0  512.0  298.0  228.0  598.0  337.0  477.0  347.0  295.0  377.0  740.0  659.0  331.0  621.0  306.0  250.0  

Entita c.9:  452.0  283.0  77.0  290.0  455.0  300.0  212.0  603.0  0.0  197.0  283.0  614.0  465.0  528.0  331.0  476.0  521.0  553.0  328.0  214.0  374.0  723.0  128.0  487.0  460.0  

Entita c.10:  408.0  176.0  202.0  427.0  510.0  346.0  405.0  511.0  197.0  0.0  87.0  444.0  321.0  643.0  353.0  559.0  554.0  564.0  376.0  411.0  532.0  719.0  125.0  316.0  455.0  

Entita c.11:  438.0  204.0  289.0  509.0  571.0  411.0  492.0  512.0  283.0  87.0  0.0  394.0  299.0  717.0  412.0  627.0  607.0  609.0  440.0  497.0  617.0  754.0  190.0  270.0  499.0  

Entita c.12:  387.0  343.0  576.0  705.0  619.0  532.0  785.0  298.0  614.0  444.0  394.0  0.0  168.0  822.0  499.0  703.0  602.0  564.0  545.0  808.0  820.0  629.0  569.0  128.0  481.0  

Entita c.13:  242.0  183.0  418.0  536.0  464.0  365.0  622.0  228.0  465.0  321.0  299.0  168.0  0.0  662.0  333.0  545.0  458.0  430.0  379.0  648.0  651.0  529.0  443.0  90.0  334.0  

Entita c.14:  441.0  550.0  466.0  239.0  207.0  315.0  409.0  598.0  528.0  643.0  717.0  822.0  662.0  0.0  333.0  121.0  257.0  319.0  291.0  456.0  207.0  432.0  647.0  742.0  351.0  

Entita c.15:  159.0  222.0  254.0  222.0  159.0  44.0  372.0  337.0  331.0  353.0  412.0  499.0  333.0  333.0  0.0  224.0  201.0  223.0  45.0  414.0  330.0  392.0  407.0  410.0  131.0  

Entita c.16:  320.0  447.0  405.0  213.0  86.0  216.0  406.0  477.0  476.0  559.0  627.0  703.0  545.0  121.0  224.0  0.0  144.0  208.0  188.0  455.0  243.0  346.0  583.0  628.0  230.0  

Entita c.17:  217.0  406.0  445.0  316.0  81.0  222.0  506.0  347.0  521.0  554.0  607.0  602.0  458.0  257.0  201.0  144.0  0.0  63.0  193.0  554.0  377.0  219.0  608.0  546.0  123.0  

Entita c.18:  190.0  405.0  476.0  370.0  140.0  253.0  557.0  295.0  553.0  564.0  609.0  564.0  430.0  319.0  223.0  208.0  63.0  0.0  227.0  604.0  438.0  171.0  629.0  520.0  110.0  

Entita c.19:  198.0  260.0  252.0  181.0  134.0  30.0  343.0  377.0  328.0  376.0  440.0  545.0  379.0  291.0  45.0  188.0  193.0  227.0  0.0  387.0  285.0  399.0  417.0  454.0  152.0  

Entita c.20:  568.0  465.0  232.0  242.0  474.0  371.0  48.0  740.0  214.0  411.0  497.0  808.0  648.0  456.0  414.0  455.0  554.0  604.0  387.0  0.0  254.0  773.0  328.0  685.0  539.0  

Entita c.21:  482.0  496.0  332.0  116.0  298.0  290.0  211.0  659.0  374.0  532.0  617.0  820.0  651.0  207.0  330.0  243.0  377.0  438.0  285.0  254.0  0.0  589.0  502.0  716.0  416.0  

Entita c.22:  316.0  550.0  646.0  535.0  300.0  424.0  725.0  331.0  723.0  719.0  754.0  629.0  529.0  432.0  392.0  346.0  219.0  171.0  399.0  773.0  589.0  0.0  794.0  617.0  267.0  

Entita c.23:  497.0  282.0  180.0  413.0  550.0  387.0  335.0  621.0  128.0  125.0  190.0  569.0  443.0  647.0  407.0  583.0  608.0  629.0  417.0  328.0  502.0  794.0  0.0  441.0  526.0  

Entita c.24:  331.0  225.0  453.0  600.0  548.0  437.0  664.0  306.0  487.0  316.0  270.0  128.0  90.0  742.0  410.0  628.0  546.0  520.0  454.0  685.0  716.0  617.0  441.0  0.0  422.0  

Entita c.25:  94.0  295.0  383.0  326.0  144.0  170.0  495.0  250.0  460.0  455.0  499.0  481.0  334.0  351.0  131.0  230.0  123.0  110.0  152.0  539.0  416.0  267.0  526.0  422.0  0.0  

Entita c.1:  0.0  0.0  0.0  0.0  0.0  203.0  528.0  178.0  452.0  408.0  438.0  387.0  242.0  441.0  159.0  320.0  217.0  190.0  198.0  568.0  482.0  316.0  497.0  331.0  94.0  

Entita c.2:  0.0  0.0  0.0  0.0  0.0  235.0  441.0  338.0  283.0  176.0  204.0  343.0  183.0  550.0  222.0  447.0  406.0  405.0  260.0  465.0  496.0  550.0  282.0  225.0  295.0  

Entita c.3:  0.0  0.0  0.0  0.0  0.0  223.0  213.0  536.0  77.0  202.0  289.0  576.0  418.0  466.0  254.0  405.0  445.0  476.0  252.0  232.0  332.0  646.0  180.0  453.0  383.0  

Entita c.4:  0.0  0.0  0.0  0.0  0.0  180.0  194.0  559.0  290.0  427.0  509.0  705.0  536.0  239.0  222.0  213.0  316.0  370.0  181.0  242.0  116.0  535.0  413.0  600.0  326.0  

Entita c.5:  0.0  0.0  0.0  0.0  0.0  165.0  426.0  392.0  455.0  510.0  571.0  619.0  464.0  207.0  159.0  86.0  81.0  140.0  134.0  474.0  298.0  300.0  550.0  548.0  144.0  

Entita c.6:  203.0  235.0  223.0  180.0  165.0  0.0  328.0  381.0  300.0  346.0  411.0  532.0  365.0  315.0  44.0  216.0  222.0  253.0  30.0  371.0  290.0  424.0  387.0  437.0  170.0  

Entita c.7:  528.0  441.0  213.0  194.0  426.0  328.0  0.0  702.0  212.0  405.0  492.0  785.0  622.0  409.0  372.0  406.0  506.0  557.0  343.0  48.0  211.0  725.0  335.0  664.0  495.0  

Entita c.8:  178.0  338.0  536.0  559.0  392.0  381.0  702.0  0.0  603.0  511.0  512.0  298.0  228.0  598.0  337.0  477.0  347.0  295.0  377.0  740.0  659.0  331.0  621.0  306.0  250.0  

Entita c.9:  452.0  283.0  77.0  290.0  455.0  300.0  212.0  603.0  0.0  197.0  283.0  614.0  465.0  528.0  331.0  476.0  521.0  553.0  328.0  214.0  374.0  723.0  128.0  487.0  460.0  

Entita c.10:  408.0  176.0  202.0  427.0  510.0  346.0  405.0  511.0  197.0  0.0  87.0  444.0  321.0  643.0  353.0  559.0  554.0  564.0  376.0  411.0  532.0  719.0  125.0  316.0  455.0  

Entita c.11:  438.0  204.0  289.0  509.0  571.0  411.0  492.0  512.0  283.0  87.0  0.0  394.0  299.0  717.0  412.0  627.0  607.0  609.0  440.0  497.0  617.0  754.0  190.0  270.0  499.0  

Entita c.12:  387.0  343.0  576.0  705.0  619.0  532.0  785.0  298.0  614.0  444.0  394.0  0.0  168.0  822.0  499.0  703.0  602.0  564.0  545.0  808.0  820.0  629.0  569.0  128.0  481.0  

Entita c.13:  242.0  183.0  418.0  536.0  464.0  365.0  622.0  228.0  465.0  321.0  299.0  168.0  0.0  662.0  333.0  545.0  458.0  430.0  379.0  648.0  651.0  529.0  443.0  90.0  334.0  

Entita c.14:  441.0  550.0  466.0  239.0  207.0  315.0  409.0  598.0  528.0  643.0  717.0  822.0  662.0  0.0  333.0  121.0  257.0  319.0  291.0  456.0  207.0  432.0  647.0  742.0  351.0  

Entita c.15:  159.0  222.0  254.0  222.0  159.0  44.0  372.0  337.0  331.0  353.0  412.0  499.0  333.0  333.0  0.0  224.0  201.0  223.0  45.0  414.0  330.0  392.0  407.0  410.0  131.0  

Entita c.16:  320.0  447.0  405.0  213.0  86.0  216.0  406.0  477.0  476.0  559.0  627.0  703.0  545.0  121.0  224.0  0.0  144.0  208.0  188.0  455.0  243.0  346.0  583.0  628.0  230.0  

Entita c.17:  217.0  406.0  445.0  316.0  81.0  222.0  506.0  347.0  521.0  554.0  607.0  602.0  458.0  257.0  201.0  144.0  0.0  63.0  193.0  554.0  377.0  219.0  608.0  546.0  123.0  

Entita c.18:  190.0  405.0  476.0  370.0  140.0  253.0  557.0  295.0  553.0  564.0  609.0  564.0  430.0  319.0  223.0  208.0  63.0  0.0  227.0  604.0  438.0  171.0  629.0  520.0  110.0  

Entita c.19:  198.0  260.0  252.0  181.0  134.0  30.0  343.0  377.0  328.0  376.0  440.0  545.0  379.0  291.0  45.0  188.0  193.0  227.0  0.0  387.0  285.0  399.0  417.0  454.0  152.0  

Entita c.20:  568.0  465.0  232.0  242.0  474.0  371.0  48.0  740.0  214.0  411.0  497.0  808.0  648.0  456.0  414.0  455.0  554.0  604.0  387.0  0.0  254.0  773.0  328.0  685.0  539.0  

Entita c.21:  482.0  496.0  332.0  116.0  298.0  290.0  211.0  659.0  374.0  532.0  617.0  820.0  651.0  207.0  330.0  243.0  377.0  438.0  285.0  254.0  0.0  589.0  502.0  716.0  416.0  

Entita c.22:  316.0  550.0  646.0  535.0  300.0  424.0  725.0  331.0  723.0  719.0  754.0  629.0  529.0  432.0  392.0  346.0  219.0  171.0  399.0  773.0  589.0  0.0  794.0  617.0  267.0  

Entita c.23:  497.0  282.0  180.0  413.0  550.0  387.0  335.0  621.0  128.0  125.0  190.0  569.0  443.0  647.0  407.0  583.0  608.0  629.0  417.0  328.0  502.0  794.0  0.0  441.0  526.0  

Entita c.24:  331.0  225.0  453.0  600.0  548.0  437.0  664.0  306.0  487.0  316.0  270.0  128.0  90.0  742.0  410.0  628.0  546.0  520.0  454.0  685.0  716.0  617.0  441.0  0.0  422.0  

Entita c.25:  94.0  295.0  383.0  326.0  144.0  170.0  495.0  250.0  460.0  455.0  499.0  481.0  334.0  351.0  131.0  230.0  123.0  110.0  152.0  539.0  416.0  267.0  526.0  422.0  0.0  

Entita c.1:  0.0  0.0  0.0  0.0  0.0  256.0  435.0  143.0  551.0  665.0  280.0  114.0  279.0  63.0  442.0  176.0  247.0  297.0  199.0  303.0  347.0  309.0  398.0  127.0  502.0  

Entita c.2:  0.0  0.0  0.0  0.0  0.0  473.0  465.0  289.0  520.0  680.0  423.0  121.0  287.0  185.0  210.0  410.0  439.0  159.0  149.0  432.0  160.0  544.0  216.0  360.0  353.0  

Entita c.3:  0.0  0.0  0.0  0.0  0.0  536.0  322.0  333.0  318.0  495.0  405.0  287.0  202.0  316.0  303.0  543.0  471.0  386.0  181.0  398.0  360.0  659.0  63.0  472.0  124.0  

Entita c.4:  0.0  0.0  0.0  0.0  0.0  409.0  89.0  256.0  171.0  302.0  235.0  350.0  104.0  332.0  522.0  485.0  330.0  537.0  238.0  215.0  538.0  564.0  298.0  409.0  275.0  

Entita c.5:  0.0  0.0  0.0  0.0  0.0  174.0  247.0  98.0  393.0  462.0  46.0  283.0  183.0  226.0  580.0  269.0  97.0  501.0  247.0  68.0  532.0  330.0  429.0  199.0  471.0  

Entita c.6:  256.0  473.0  536.0  409.0  174.0  0.0  412.0  204.0  563.0  608.0  182.0  355.0  352.0  289.0  684.0  163.0  80.0  553.0  375.0  209.0  602.0  164.0  577.0  139.0  637.0  

Entita c.7:  435.0  465.0  322.0  89.0  247.0  412.0  0.0  298.0  153.0  230.0  229.0  423.0  179.0  395.0  612.0  514.0  332.0  619.0  319.0  203.0  624.0  574.0  386.0  441.0  347.0  

Entita c.8:  143.0  289.0  333.0  256.0  98.0  204.0  298.0  0.0  427.0  526.0  145.0  185.0  169.0  127.0  494.0  231.0  152.0  403.0  171.0  163.0  436.0  329.0  373.0  155.0  441.0  

Entita c.9:  551.0  520.0  318.0  171.0  393.0  563.0  153.0  427.0  0.0  181.0  381.0  513.0  272.0  501.0  621.0  654.0  483.0  680.0  393.0  355.0  668.0  723.0  377.0  579.0  284.0  

Entita c.10:  665.0  680.0  495.0  302.0  462.0  608.0  230.0  526.0  181.0  0.0  433.0  651.0  405.0  626.0  798.0  732.0  531.0  838.0  540.0  404.0  834.0  772.0  555.0  661.0  464.0  

Entita c.11:  280.0  423.0  405.0  235.0  46.0  182.0  229.0  145.0  381.0  433.0  0.0  329.0  204.0  272.0  621.0  300.0  102.0  547.0  286.0  28.0  577.0  345.0  458.0  235.0  488.0  

Entita c.12:  114.0  121.0  287.0  350.0  283.0  355.0  423.0  185.0  513.0  651.0  329.0  0.0  246.0  65.0  331.0  291.0  327.0  218.0  122.0  343.0  253.0  424.0  294.0  238.0  412.0  

Entita c.13:  279.0  287.0  202.0  104.0  183.0  352.0  179.0  169.0  272.0  405.0  204.0  246.0  0.0  228.0  452.0  400.0  280.0  440.0  139.0  196.0  447.0  494.0  258.0  324.0  287.0  

Entita c.14:  63.0  185.0  316.0  332.0  226.0  289.0  395.0  127.0  501.0  626.0  272.0  65.0  228.0  0.0  395.0  236.0  263.0  277.0  136.0  290.0  317.0  365.0  335.0  176.0  438.0  

Entita c.15:  442.0  210.0  303.0  522.0  580.0  684.0  612.0  494.0  621.0  798.0  621.0  331.0  452.0  395.0  0.0  614.0  646.0  216.0  334.0  625.0  148.0  750.0  245.0  569.0  371.0  

Entita c.16:  176.0  410.0  543.0  485.0  269.0  163.0  514.0  231.0  654.0  732.0  300.0  291.0  400.0  236.0  614.0  0.0  212.0  446.0  363.0  329.0  506.0  136.0  568.0  76.0  660.0  

Entita c.17:  247.0  439.0  471.0  330.0  97.0  80.0  332.0  152.0  483.0  531.0  102.0  327.0  280.0  263.0  646.0  212.0  0.0  539.0  322.0  130.0  580.0  243.0  517.0  160.0  567.0  

Entita c.18:  297.0  159.0  386.0  537.0  501.0  553.0  619.0  403.0  680.0  838.0  547.0  218.0  440.0  277.0  216.0  446.0  539.0  0.0  300.0  561.0  70.0  581.0  354.0  420.0  495.0  

Entita c.19:  199.0  149.0  181.0  238.0  247.0  375.0  319.0  171.0  393.0  540.0  286.0  122.0  139.0  136.0  334.0  363.0  322.0  300.0  0.0  291.0  310.0  483.0  207.0  294.0  302.0  

Entita c.20:  303.0  432.0  398.0  215.0  68.0  209.0  203.0  163.0  355.0  404.0  28.0  343.0  196.0  290.0  625.0  329.0  130.0  561.0  291.0  0.0  588.0  373.0  454.0  263.0  475.0  

Entita c.21:  347.0  160.0  360.0  538.0  532.0  602.0  624.0  436.0  668.0  834.0  577.0  253.0  447.0  317.0  148.0  506.0  580.0  70.0  310.0  588.0  0.0  642.0  319.0  473.0  460.0  

Entita c.22:  309.0  544.0  659.0  564.0  330.0  164.0  574.0  329.0  723.0  772.0  345.0  424.0  494.0  365.0  750.0  136.0  243.0  581.0  483.0  373.0  642.0  0.0  690.0  189.0  770.0  

Entita c.23:  398.0  216.0  63.0  298.0  429.0  577.0  386.0  373.0  377.0  555.0  458.0  294.0  258.0  335.0  245.0  568.0  517.0  354.0  207.0  454.0  319.0  690.0  0.0  501.0  141.0  

Entita c.24:  127.0  360.0  472.0  409.0  199.0  139.0  441.0  155.0  579.0  661.0  235.0  238.0  324.0  176.0  569.0  76.0  160.0  420.0  294.0  263.0  473.0  189.0  501.0  0.0  587.0  

Entita c.25:  502.0  353.0  124.0  275.0  471.0  637.0  347.0  441.0  284.0  464.0  488.0  412.0  287.0  438.0  371.0  660.0  567.0  495.0  302.0  475.0  460.0  770.0  141.0  587.0  0.0  

Entita c.1:  0.0  0.0  0.0  0.0  0.0  256.0  435.0  143.0  551.0  665.0  280.0  114.0  279.0  63.0  442.0  176.0  247.0  297.0  199.0  303.0  347.0  309.0  398.0  127.0  502.0  

Entita c.2:  0.0  0.0  0.0  0.0  0.0  473.0  465.0  289.0  520.0  680.0  423.0  121.0  287.0  185.0  210.0  410.0  439.0  159.0  149.0  432.0  160.0  544.0  216.0  360.0  353.0  

Entita c.3:  0.0  0.0  0.0  0.0  0.0  536.0  322.0  333.0  318.0  495.0  405.0  287.0  202.0  316.0  303.0  543.0  471.0  386.0  181.0  398.0  360.0  659.0  63.0  472.0  124.0  

Entita c.4:  0.0  0.0  0.0  0.0  0.0  409.0  89.0  256.0  171.0  302.0  235.0  350.0  104.0  332.0  522.0  485.0  330.0  537.0  238.0  215.0  538.0  564.0  298.0  409.0  275.0  

Entita c.5:  0.0  0.0  0.0  0.0  0.0  174.0  247.0  98.0  393.0  462.0  46.0  283.0  183.0  226.0  580.0  269.0  97.0  501.0  247.0  68.0  532.0  330.0  429.0  199.0  471.0  

Entita c.6:  256.0  473.0  536.0  409.0  174.0  0.0  412.0  204.0  563.0  608.0  182.0  355.0  352.0  289.0  684.0  163.0  80.0  553.0  375.0  209.0  602.0  164.0  577.0  139.0  637.0  

Entita c.7:  435.0  465.0  322.0  89.0  247.0  412.0  0.0  298.0  153.0  230.0  229.0  423.0  179.0  395.0  612.0  514.0  332.0  619.0  319.0  203.0  624.0  574.0  386.0  441.0  347.0  

Entita c.8:  143.0  289.0  333.0  256.0  98.0  204.0  298.0  0.0  427.0  526.0  145.0  185.0  169.0  127.0  494.0  231.0  152.0  403.0  171.0  163.0  436.0  329.0  373.0  155.0  441.0  

Entita c.9:  551.0  520.0  318.0  171.0  393.0  563.0  153.0  427.0  0.0  181.0  381.0  513.0  272.0  501.0  621.0  654.0  483.0  680.0  393.0  355.0  668.0  723.0  377.0  579.0  284.0  

Entita c.10:  665.0  680.0  495.0  302.0  462.0  608.0  230.0  526.0  181.0  0.0  433.0  651.0  405.0  626.0  798.0  732.0  531.0  838.0  540.0  404.0  834.0  772.0  555.0  661.0  464.0  

Entita c.11:  280.0  423.0  405.0  235.0  46.0  182.0  229.0  145.0  381.0  433.0  0.0  329.0  204.0  272.0  621.0  300.0  102.0  547.0  286.0  28.0  577.0  345.0  458.0  235.0  488.0  

Entita c.12:  114.0  121.0  287.0  350.0  283.0  355.0  423.0  185.0  513.0  651.0  329.0  0.0  246.0  65.0  331.0  291.0  327.0  218.0  122.0  343.0  253.0  424.0  294.0  238.0  412.0  

Entita c.13:  279.0  287.0  202.0  104.0  183.0  352.0  179.0  169.0  272.0  405.0  204.0  246.0  0.0  228.0  452.0  400.0  280.0  440.0  139.0  196.0  447.0  494.0  258.0  324.0  287.0  

Entita c.14:  63.0  185.0  316.0  332.0  226.0  289.0  395.0  127.0  501.0  626.0  272.0  65.0  228.0  0.0  395.0  236.0  263.0  277.0  136.0  290.0  317.0  365.0  335.0  176.0  438.0  

Entita c.15:  442.0  210.0  303.0  522.0  580.0  684.0  612.0  494.0  621.0  798.0  621.0  331.0  452.0  395.0  0.0  614.0  646.0  216.0  334.0  625.0  148.0  750.0  245.0  569.0  371.0  

Entita c.16:  176.0  410.0  543.0  485.0  269.0  163.0  514.0  231.0  654.0  732.0  300.0  291.0  400.0  236.0  614.0  0.0  212.0  446.0  363.0  329.0  506.0  136.0  568.0  76.0  660.0  

Entita c.17:  247.0  439.0  471.0  330.0  97.0  80.0  332.0  152.0  483.0  531.0  102.0  327.0  280.0  263.0  646.0  212.0  0.0  539.0  322.0  130.0  580.0  243.0  517.0  160.0  567.0  

Entita c.18:  297.0  159.0  386.0  537.0  501.0  553.0  619.0  403.0  680.0  838.0  547.0  218.0  440.0  277.0  216.0  446.0  539.0  0.0  300.0  561.0  70.0  581.0  354.0  420.0  495.0  

Entita c.19:  199.0  149.0  181.0  238.0  247.0  375.0  319.0  171.0  393.0  540.0  286.0  122.0  139.0  136.0  334.0  363.0  322.0  300.0  0.0  291.0  310.0  483.0  207.0  294.0  302.0  

Entita c.20:  303.0  432.0  398.0  215.0  68.0  209.0  203.0  163.0  355.0  404.0  28.0  343.0  196.0  290.0  625.0  329.0  130.0  561.0  291.0  0.0  588.0  373.0  454.0  263.0  475.0  

Entita c.21:  347.0  160.0  360.0  538.0  532.0  602.0  624.0  436.0  668.0  834.0  577.0  253.0  447.0  317.0  148.0  506.0  580.0  70.0  310.0  588.0  0.0  642.0  319.0  473.0  460.0  

Entita c.22:  309.0  544.0  659.0  564.0  330.0  164.0  574.0  329.0  723.0  772.0  345.0  424.0  494.0  365.0  750.0  136.0  243.0  581.0  483.0  373.0  642.0  0.0  690.0  189.0  770.0  

Entita c.23:  398.0  216.0  63.0  298.0  429.0  577.0  386.0  373.0  377.0  555.0  458.0  294.0  258.0  335.0  245.0  568.0  517.0  354.0  207.0  454.0  319.0  690.0  0.0  501.0  141.0  

Entita c.24:  127.0  360.0  472.0  409.0  199.0  139.0  441.0  155.0  579.0  661.0  235.0  238.0  324.0  176.0  569.0  76.0  160.0  420.0  294.0  263.0  473.0  189.0  501.0  0.0  587.0  

Entita c.25:  502.0  353.0  124.0  275.0  471.0  637.0  347.0  441.0  284.0  464.0  488.0  412.0  287.0  438.0  371.0  660.0  567.0  495.0  302.0  475.0  460.0  770.0  141.0  587.0  0.0  

Entita c.1:  0.0  0.0  0.0  0.0  0.0  119.0  590.0  274.0  266.0  168.0  505.0  294.0  202.0  294.0  541.0  439.0  292.0  446.0  354.0  513.0  393.0  145.0  635.0  310.0  364.0  

Entita c.2:  0.0  0.0  0.0  0.0  0.0  279.0  614.0  341.0  72.0  222.0  341.0  256.0  417.0  107.0  510.0  258.0  506.0  349.0  308.0  390.0  318.0  338.0  430.0  305.0  589.0  

Entita c.3:  0.0  0.0  0.0  0.0  0.0  471.0  442.0  281.0  296.0  245.0  125.0  491.0  582.0  324.0  309.0  79.0  558.0  125.0  148.0  155.0  547.0  402.0  275.0  540.0  654.0  

Entita c.4:  0.0  0.0  0.0  0.0  0.0  498.0  234.0  124.0  452.0  214.0  303.0  609.0  555.0  488.0  162.0  308.0  417.0  164.0  87.0  236.0  689.0  312.0  476.0  646.0  512.0  

Entita c.5:  0.0  0.0  0.0  0.0  0.0  346.0  386.0  114.0  441.0  161.0  490.0  524.0  351.0  476.0  385.0  459.0  186.0  375.0  267.0  451.0  621.0  103.0  655.0  545.0  283.0  

Entita c.6:  119.0  279.0  471.0  498.0  346.0  0.0  710.0  394.0  280.0  285.0  594.0  220.0  147.0  296.0  659.0  520.0  357.0  552.0  466.0  615.0  319.0  247.0  706.0  219.0  407.0  

Entita c.7:  590.0  614.0  442.0  234.0  386.0  710.0  0.0  315.0  687.0  435.0  462.0  840.0  738.0  722.0  152.0  501.0  527.0  330.0  310.0  368.0  923.0  487.0  622.0  875.0  605.0  

Entita c.8:  274.0  341.0  281.0  124.0  114.0  394.0  315.0  0.0  410.0  127.0  382.0  535.0  435.0  447.0  282.0  361.0  300.0  261.0  154.0  338.0  624.0  189.0  551.0  565.0  396.0  

Entita c.9:  266.0  72.0  296.0  452.0  441.0  280.0  687.0  410.0  0.0  288.0  392.0  201.0  426.0  36.0  581.0  306.0  552.0  416.0  380.0  450.0  251.0  388.0  457.0  253.0  630.0  

Entita c.10:  168.0  222.0  245.0  214.0  161.0  285.0  435.0  127.0  288.0  0.0  367.0  408.0  358.0  324.0  373.0  319.0  319.0  285.0  187.0  357.0  496.0  157.0  519.0  440.0  413.0  

Entita c.11:  505.0  341.0  125.0  303.0  490.0  594.0  462.0  382.0  392.0  367.0  0.0  593.0  707.0  414.0  312.0  86.0  673.0  141.0  230.0  98.0  637.0  522.0  173.0  644.0  769.0  

Entita c.12:  294.0  256.0  491.0  609.0  524.0  220.0  840.0  535.0  201.0  408.0  593.0  0.0  351.0  187.0  754.0  508.0  573.0  604.0  549.0  647.0  100.0  439.0  653.0  53.0  627.0  

Entita c.13:  202.0  417.0  582.0  555.0  351.0  147.0  738.0  435.0  426.0  358.0  707.0  351.0  0.0  443.0  716.0  640.0  284.0  643.0  545.0  712.0  445.0  251.0  834.0  335.0  302.0  

Entita c.14:  294.0  107.0  324.0  488.0  476.0  296.0  722.0  447.0  36.0  324.0  414.0  187.0  443.0  0.0  614.0  327.0  583.0  445.0  414.0  477.0  224.0  421.0  466.0  240.0  659.0  

Entita c.15:  541.0  510.0  309.0  162.0  385.0  659.0  152.0  282.0  581.0  373.0  312.0  754.0  716.0  614.0  0.0  359.0  557.0  187.0  204.0  216.0  828.0  471.0  469.0  795.0  647.0  

Entita c.16:  439.0  258.0  79.0  308.0  459.0  520.0  501.0  361.0  306.0  319.0  86.0  508.0  640.0  327.0  359.0  0.0  635.0  172.0  224.0  164.0  550.0  476.0  200.0  559.0  730.0  

Entita c.17:  292.0  506.0  558.0  417.0  186.0  357.0  527.0  300.0  552.0  319.0  673.0  573.0  284.0  583.0  557.0  635.0  0.0  561.0  453.0  638.0  674.0  169.0  834.0  576.0  96.0  

Entita c.18:  446.0  349.0  125.0  164.0  375.0  552.0  330.0  261.0  416.0  285.0  141.0  604.0  643.0  445.0  187.0  172.0  561.0  0.0  108.0  76.0  667.0  427.0  314.0  650.0  658.0  

Entita c.19:  354.0  308.0  148.0  87.0  267.0  466.0  310.0  154.0  380.0  187.0  230.0  549.0  545.0  414.0  204.0  224.0  453.0  108.0  0.0  184.0  624.0  321.0  402.0  591.0  550.0  

Entita c.20:  513.0  390.0  155.0  236.0  451.0  615.0  368.0  338.0  450.0  357.0  98.0  647.0  712.0  477.0  216.0  164.0  638.0  76.0  184.0  0.0  701.0  502.0  255.0  695.0  734.0  

Entita c.21:  393.0  318.0  547.0  689.0  621.0  319.0  923.0  624.0  251.0  496.0  637.0  100.0  445.0  224.0  828.0  550.0  674.0  667.0  624.0  701.0  0.0  539.0  672.0  111.0  726.0  

Entita c.22:  145.0  338.0  402.0  312.0  103.0  247.0  487.0  189.0  388.0  157.0  522.0  439.0  251.0  421.0  471.0  476.0  169.0  427.0  321.0  502.0  539.0  0.0  676.0  454.0  258.0  

Entita c.23:  635.0  430.0  275.0  476.0  655.0  706.0  622.0  551.0  457.0  519.0  173.0  653.0  834.0  466.0  469.0  200.0  834.0  314.0  402.0  255.0  672.0  676.0  0.0  706.0  930.0  

Entita c.24:  310.0  305.0  540.0  646.0  545.0  219.0  875.0  565.0  253.0  440.0  644.0  53.0  335.0  240.0  795.0  559.0  576.0  650.0  591.0  695.0  111.0  454.0  706.0  0.0  623.0  

Entita c.25:  364.0  589.0  654.0  512.0  283.0  407.0  605.0  396.0  630.0  413.0  769.0  627.0  302.0  659.0  647.0  730.0  96.0  658.0  550.0  734.0  726.0  258.0  930.0  623.0  0.0  

Entita c.1:  0.0  0.0  0.0  0.0  0.0  119.0  590.0  274.0  266.0  168.0  505.0  294.0  202.0  294.0  541.0  439.0  292.0  446.0  354.0  513.0  393.0  145.0  635.0  310.0  364.0  

Entita c.2:  0.0  0.0  0.0  0.0  0.0  279.0  614.0  341.0  72.0  222.0  341.0  256.0  417.0  107.0  510.0  258.0  506.0  349.0  308.0  390.0  318.0  338.0  430.0  305.0  589.0  

Entita c.3:  0.0  0.0  0.0  0.0  0.0  471.0  442.0  281.0  296.0  245.0  125.0  491.0  582.0  324.0  309.0  79.0  558.0  125.0  148.0  155.0  547.0  402.0  275.0  540.0  654.0  

Entita c.4:  0.0  0.0  0.0  0.0  0.0  498.0  234.0  124.0  452.0  214.0  303.0  609.0  555.0  488.0  162.0  308.0  417.0  164.0  87.0  236.0  689.0  312.0  476.0  646.0  512.0  

Entita c.5:  0.0  0.0  0.0  0.0  0.0  346.0  386.0  114.0  441.0  161.0  490.0  524.0  351.0  476.0  385.0  459.0  186.0  375.0  267.0  451.0  621.0  103.0  655.0  545.0  283.0  

Entita c.6:  119.0  279.0  471.0  498.0  346.0  0.0  710.0  394.0  280.0  285.0  594.0  220.0  147.0  296.0  659.0  520.0  357.0  552.0  466.0  615.0  319.0  247.0  706.0  219.0  407.0  

Entita c.7:  590.0  614.0  442.0  234.0  386.0  710.0  0.0  315.0  687.0  435.0  462.0  840.0  738.0  722.0  152.0  501.0  527.0  330.0  310.0  368.0  923.0  487.0  622.0  875.0  605.0  

Entita c.8:  274.0  341.0  281.0  124.0  114.0  394.0  315.0  0.0  410.0  127.0  382.0  535.0  435.0  447.0  282.0  361.0  300.0  261.0  154.0  338.0  624.0  189.0  551.0  565.0  396.0  

Entita c.9:  266.0  72.0  296.0  452.0  441.0  280.0  687.0  410.0  0.0  288.0  392.0  201.0  426.0  36.0  581.0  306.0  552.0  416.0  380.0  450.0  251.0  388.0  457.0  253.0  630.0  

Entita c.10:  168.0  222.0  245.0  214.0  161.0  285.0  435.0  127.0  288.0  0.0  367.0  408.0  358.0  324.0  373.0  319.0  319.0  285.0  187.0  357.0  496.0  157.0  519.0  440.0  413.0  

Entita c.11:  505.0  341.0  125.0  303.0  490.0  594.0  462.0  382.0  392.0  367.0  0.0  593.0  707.0  414.0  312.0  86.0  673.0  141.0  230.0  98.0  637.0  522.0  173.0  644.0  769.0  

Entita c.12:  294.0  256.0  491.0  609.0  524.0  220.0  840.0  535.0  201.0  408.0  593.0  0.0  351.0  187.0  754.0  508.0  573.0  604.0  549.0  647.0  100.0  439.0  653.0  53.0  627.0  

Entita c.13:  202.0  417.0  582.0  555.0  351.0  147.0  738.0  435.0  426.0  358.0  707.0  351.0  0.0  443.0  716.0  640.0  284.0  643.0  545.0  712.0  445.0  251.0  834.0  335.0  302.0  

Entita c.14:  294.0  107.0  324.0  488.0  476.0  296.0  722.0  447.0  36.0  324.0  414.0  187.0  443.0  0.0  614.0  327.0  583.0  445.0  414.0  477.0  224.0  421.0  466.0  240.0  659.0  

Entita c.15:  541.0  510.0  309.0  162.0  385.0  659.0  152.0  282.0  581.0  373.0  312.0  754.0  716.0  614.0  0.0  359.0  557.0  187.0  204.0  216.0  828.0  471.0  469.0  795.0  647.0  

Entita c.16:  439.0  258.0  79.0  308.0  459.0  520.0  501.0  361.0  306.0  319.0  86.0  508.0  640.0  327.0  359.0  0.0  635.0  172.0  224.0  164.0  550.0  476.0  200.0  559.0  730.0  

Entita c.17:  292.0  506.0  558.0  417.0  186.0  357.0  527.0  300.0  552.0  319.0  673.0  573.0  284.0  583.0  557.0  635.0  0.0  561.0  453.0  638.0  674.0  169.0  834.0  576.0  96.0  

Entita c.18:  446.0  349.0  125.0  164.0  375.0  552.0  330.0  261.0  416.0  285.0  141.0  604.0  643.0  445.0  187.0  172.0  561.0  0.0  108.0  76.0  667.0  427.0  314.0  650.0  658.0  

Entita c.19:  354.0  308.0  148.0  87.0  267.0  466.0  310.0  154.0  380.0  187.0  230.0  549.0  545.0  414.0  204.0  224.0  453.0  108.0  0.0  184.0  624.0  321.0  402.0  591.0  550.0  

Entita c.20:  513.0  390.0  155.0  236.0  451.0  615.0  368.0  338.0  450.0  357.0  98.0  647.0  712.0  477.0  216.0  164.0  638.0  76.0  184.0  0.0  701.0  502.0  255.0  695.0  734.0  

Entita c.21:  393.0  318.0  547.0  689.0  621.0  319.0  923.0  624.0  251.0  496.0  637.0  100.0  445.0  224.0  828.0  550.0  674.0  667.0  624.0  701.0  0.0  539.0  672.0  111.0  726.0  

Entita c.22:  145.0  338.0  402.0  312.0  103.0  247.0  487.0  189.0  388.0  157.0  522.0  439.0  251.0  421.0  471.0  476.0  169.0  427.0  321.0  502.0  539.0  0.0  676.0  454.0  258.0  

Entita c.23:  635.0  430.0  275.0  476.0  655.0  706.0  622.0  551.0  457.0  519.0  173.0  653.0  834.0  466.0  469.0  200.0  834.0  314.0  402.0  255.0  672.0  676.0  0.0  706.0  930.0  

Entita c.24:  310.0  305.0  540.0  646.0  545.0  219.0  875.0  565.0  253.0  440.0  644.0  53.0  335.0  240.0  795.0  559.0  576.0  650.0  591.0  695.0  111.0  454.0  706.0  0.0  623.0  

Entita c.25:  364.0  589.0  654.0  512.0  283.0  407.0  605.0  396.0  630.0  413.0  769.0  627.0  302.0  659.0  647.0  730.0  96.0  658.0  550.0  734.0  726.0  258.0  930.0  623.0  0.0  

Entita c.1:  0.0  0.0  0.0  0.0  0.0  430.0  600.0  276.0  146.0  142.0  472.0  457.0  320.0  415.0  79.0  173.0  61.0  270.0  181.0  313.0  357.0  158.0  174.0  112.0  391.0  

Entita c.2:  0.0  0.0  0.0  0.0  0.0  660.0  484.0  427.0  268.0  236.0  375.0  577.0  255.0  547.0  182.0  203.0  223.0  338.0  416.0  321.0  317.0  105.0  405.0  328.0  159.0  

Entita c.3:  0.0  0.0  0.0  0.0  0.0  734.0  249.0  416.0  307.0  447.0  148.0  500.0  489.0  488.0  301.0  427.0  332.0  281.0  547.0  556.0  551.0  230.0  507.0  492.0  276.0  

Entita c.4:  0.0  0.0  0.0  0.0  0.0  593.0  284.0  249.0  241.0  504.0  174.0  273.0  619.0  272.0  315.0  508.0  318.0  127.0  487.0  656.0  675.0  304.0  425.0  480.0  485.0  

Entita c.5:  0.0  0.0  0.0  0.0  0.0  364.0  514.0  47.0  113.0  377.0  393.0  222.0  547.0  181.0  217.0  405.0  188.0  111.0  269.0  548.0  589.0  275.0  201.0  298.0  532.0  

Entita c.6:  430.0  660.0  734.0  593.0  364.0  0.0  877.0  344.0  429.0  518.0  758.0  426.0  710.0  385.0  480.0  569.0  439.0  476.0  269.0  658.0  723.0  566.0  256.0  377.0  819.0  

Entita c.7:  600.0  484.0  249.0  284.0  514.0  877.0  0.0  533.0  489.0  689.0  128.0  530.0  738.0  542.0  522.0  673.0  543.0  403.0  743.0  805.0  801.0  467.0  690.0  711.0  502.0  

Entita c.8:  276.0  427.0  416.0  249.0  47.0  344.0  533.0  0.0  160.0  419.0  416.0  182.0  592.0  138.0  263.0  449.0  233.0  138.0  287.0  589.0  632.0  322.0  217.0  330.0  578.0  

Entita c.9:  146.0  268.0  307.0  241.0  113.0  429.0  489.0  160.0  0.0  284.0  360.0  326.0  440.0  290.0  106.0  304.0  87.0  124.0  254.0  451.0  486.0  163.0  203.0  239.0  423.0  

Entita c.10:  142.0  236.0  447.0  504.0  377.0  518.0  689.0  419.0  284.0  0.0  566.0  600.0  194.0  557.0  189.0  53.0  196.0  405.0  249.0  170.0  219.0  221.0  278.0  141.0  360.0  

Entita c.11:  472.0  375.0  148.0  174.0  393.0  758.0  128.0  416.0  360.0  566.0  0.0  442.0  631.0  445.0  395.0  554.0  414.0  281.0  615.0  691.0  693.0  344.0  562.0  583.0  423.0  

Entita c.12:  457.0  577.0  500.0  273.0  222.0  426.0  530.0  182.0  326.0  600.0  442.0  0.0  767.0  48.0  433.0  627.0  409.0  240.0  458.0  770.0  811.0  476.0  387.0  511.0  715.0  

Entita c.13:  320.0  255.0  489.0  619.0  547.0  710.0  738.0  592.0  440.0  194.0  631.0  767.0  0.0  728.0  334.0  148.0  358.0  548.0  441.0  99.0  63.0  315.0  471.0  333.0  286.0  

Entita c.14:  415.0  547.0  488.0  272.0  181.0  385.0  542.0  138.0  290.0  557.0  445.0  48.0  728.0  0.0  396.0  586.0  369.0  217.0  410.0  728.0  770.0  444.0  339.0  465.0  690.0  

Entita c.15:  79.0  182.0  301.0  315.0  217.0  480.0  522.0  263.0  106.0  189.0  395.0  433.0  334.0  396.0  0.0  200.0  41.0  219.0  251.0  349.0  381.0  87.0  227.0  191.0  342.0  

Entita c.16:  173.0  203.0  427.0  508.0  405.0  569.0  673.0  449.0  304.0  53.0  554.0  627.0  148.0  586.0  200.0  0.0  218.0  420.0  300.0  148.0  183.0  211.0  325.0  192.0  313.0  

Entita c.17:  61.0  223.0  332.0  318.0  188.0  439.0  543.0  233.0  87.0  196.0  414.0  409.0  358.0  369.0  41.0  218.0  0.0  210.0  215.0  364.0  401.0  128.0  187.0  169.0  383.0  

Entita c.18:  270.0  338.0  281.0  127.0  111.0  476.0  403.0  138.0  124.0  405.0  281.0  240.0  548.0  217.0  219.0  420.0  210.0  0.0  360.0  568.0  598.0  241.0  297.0  361.0  474.0  

Entita c.19:  181.0  416.0  547.0  487.0  269.0  269.0  743.0  287.0  254.0  249.0  615.0  458.0  441.0  410.0  251.0  300.0  215.0  360.0  0.0  394.0  456.0  337.0  71.0  108.0  569.0  

Entita c.20:  313.0  321.0  556.0  656.0  548.0  658.0  805.0  589.0  451.0  170.0  691.0  770.0  99.0  728.0  349.0  148.0  364.0  568.0  394.0  0.0  70.0  355.0  437.0  291.0  380.0  

Entita c.21:  357.0  317.0  551.0  675.0  589.0  723.0  801.0  632.0  486.0  219.0  693.0  811.0  63.0  770.0  381.0  183.0  401.0  598.0  456.0  70.0  0.0  371.0  495.0  351.0  346.0  

Entita c.22:  158.0  105.0  230.0  304.0  275.0  566.0  467.0  322.0  163.0  221.0  344.0  476.0  315.0  444.0  87.0  211.0  128.0  241.0  337.0  355.0  371.0  0.0  315.0  267.0  261.0  

Entita c.23:  174.0  405.0  507.0  425.0  201.0  256.0  690.0  217.0  203.0  278.0  562.0  387.0  471.0  339.0  227.0  325.0  187.0  297.0  71.0  437.0  495.0  315.0  0.0  146.0  563.0  

Entita c.24:  112.0  328.0  492.0  480.0  298.0  377.0  711.0  330.0  239.0  141.0  583.0  511.0  333.0  465.0  191.0  192.0  169.0  361.0  108.0  291.0  351.0  267.0  146.0  0.0  475.0  

Entita c.25:  391.0  159.0  276.0  485.0  532.0  819.0  502.0  578.0  423.0  360.0  423.0  715.0  286.0  690.0  342.0  313.0  383.0  474.0  569.0  380.0  346.0  261.0  563.0  475.0  0.0  

Entita c.1:  0.0  0.0  0.0  0.0  0.0  430.0  600.0  276.0  146.0  142.0  472.0  457.0  320.0  415.0  79.0  173.0  61.0  270.0  181.0  313.0  357.0  158.0  174.0  112.0  391.0  

Entita c.2:  0.0  0.0  0.0  0.0  0.0  660.0  484.0  427.0  268.0  236.0  375.0  577.0  255.0  547.0  182.0  203.0  223.0  338.0  416.0  321.0  317.0  105.0  405.0  328.0  159.0  

Entita c.3:  0.0  0.0  0.0  0.0  0.0  734.0  249.0  416.0  307.0  447.0  148.0  500.0  489.0  488.0  301.0  427.0  332.0  281.0  547.0  556.0  551.0  230.0  507.0  492.0  276.0  

Entita c.4:  0.0  0.0  0.0  0.0  0.0  593.0  284.0  249.0  241.0  504.0  174.0  273.0  619.0  272.0  315.0  508.0  318.0  127.0  487.0  656.0  675.0  304.0  425.0  480.0  485.0  

Entita c.5:  0.0  0.0  0.0  0.0  0.0  364.0  514.0  47.0  113.0  377.0  393.0  222.0  547.0  181.0  217.0  405.0  188.0  111.0  269.0  548.0  589.0  275.0  201.0  298.0  532.0  

Entita c.6:  430.0  660.0  734.0  593.0  364.0  0.0  877.0  344.0  429.0  518.0  758.0  426.0  710.0  385.0  480.0  569.0  439.0  476.0  269.0  658.0  723.0  566.0  256.0  377.0  819.0  

Entita c.7:  600.0  484.0  249.0  284.0  514.0  877.0  0.0  533.0  489.0  689.0  128.0  530.0  738.0  542.0  522.0  673.0  543.0  403.0  743.0  805.0  801.0  467.0  690.0  711.0  502.0  

Entita c.8:  276.0  427.0  416.0  249.0  47.0  344.0  533.0  0.0  160.0  419.0  416.0  182.0  592.0  138.0  263.0  449.0  233.0  138.0  287.0  589.0  632.0  322.0  217.0  330.0  578.0  

Entita c.9:  146.0  268.0  307.0  241.0  113.0  429.0  489.0  160.0  0.0  284.0  360.0  326.0  440.0  290.0  106.0  304.0  87.0  124.0  254.0  451.0  486.0  163.0  203.0  239.0  423.0  

Entita c.10:  142.0  236.0  447.0  504.0  377.0  518.0  689.0  419.0  284.0  0.0  566.0  600.0  194.0  557.0  189.0  53.0  196.0  405.0  249.0  170.0  219.0  221.0  278.0  141.0  360.0  

Entita c.11:  472.0  375.0  148.0  174.0  393.0  758.0  128.0  416.0  360.0  566.0  0.0  442.0  631.0  445.0  395.0  554.0  414.0  281.0  615.0  691.0  693.0  344.0  562.0  583.0  423.0  

Entita c.12:  457.0  577.0  500.0  273.0  222.0  426.0  530.0  182.0  326.0  600.0  442.0  0.0  767.0  48.0  433.0  627.0  409.0  240.0  458.0  770.0  811.0  476.0  387.0  511.0  715.0  

Entita c.13:  320.0  255.0  489.0  619.0  547.0  710.0  738.0  592.0  440.0  194.0  631.0  767.0  0.0  728.0  334.0  148.0  358.0  548.0  441.0  99.0  63.0  315.0  471.0  333.0  286.0  

Entita c.14:  415.0  547.0  488.0  272.0  181.0  385.0  542.0  138.0  290.0  557.0  445.0  48.0  728.0  0.0  396.0  586.0  369.0  217.0  410.0  728.0  770.0  444.0  339.0  465.0  690.0  

Entita c.15:  79.0  182.0  301.0  315.0  217.0  480.0  522.0  263.0  106.0  189.0  395.0  433.0  334.0  396.0  0.0  200.0  41.0  219.0  251.0  349.0  381.0  87.0  227.0  191.0  342.0  

Entita c.16:  173.0  203.0  427.0  508.0  405.0  569.0  673.0  449.0  304.0  53.0  554.0  627.0  148.0  586.0  200.0  0.0  218.0  420.0  300.0  148.0  183.0  211.0  325.0  192.0  313.0  

Entita c.17:  61.0  223.0  332.0  318.0  188.0  439.0  543.0  233.0  87.0  196.0  414.0  409.0  358.0  369.0  41.0  218.0  0.0  210.0  215.0  364.0  401.0  128.0  187.0  169.0  383.0  

Entita c.18:  270.0  338.0  281.0  127.0  111.0  476.0  403.0  138.0  124.0  405.0  281.0  240.0  548.0  217.0  219.0  420.0  210.0  0.0  360.0  568.0  598.0  241.0  297.0  361.0  474.0  

Entita c.19:  181.0  416.0  547.0  487.0  269.0  269.0  743.0  287.0  254.0  249.0  615.0  458.0  441.0  410.0  251.0  300.0  215.0  360.0  0.0  394.0  456.0  337.0  71.0  108.0  569.0  

Entita c.20:  313.0  321.0  556.0  656.0  548.0  658.0  805.0  589.0  451.0  170.0  691.0  770.0  99.0  728.0  349.0  148.0  364.0  568.0  394.0  0.0  70.0  355.0  437.0  291.0  380.0  

Entita c.21:  357.0  317.0  551.0  675.0  589.0  723.0  801.0  632.0  486.0  219.0  693.0  811.0  63.0  770.0  381.0  183.0  401.0  598.0  456.0  70.0  0.0  371.0  495.0  351.0  346.0  

Entita c.22:  158.0  105.0  230.0  304.0  275.0  566.0  467.0  322.0  163.0  221.0  344.0  476.0  315.0  444.0  87.0  211.0  128.0  241.0  337.0  355.0  371.0  0.0  315.0  267.0  261.0  

Entita c.23:  174.0  405.0  507.0  425.0  201.0  256.0  690.0  217.0  203.0  278.0  562.0  387.0  471.0  339.0  227.0  325.0  187.0  297.0  71.0  437.0  495.0  315.0  0.0  146.0  563.0  

Entita c.24:  112.0  328.0  492.0  480.0  298.0  377.0  711.0  330.0  239.0  141.0  583.0  511.0  333.0  465.0  191.0  192.0  169.0  361.0  108.0  291.0  351.0  267.0  146.0  0.0  475.0  

Entita c.25:  391.0  159.0  276.0  485.0  532.0  819.0  502.0  578.0  423.0  360.0  423.0  715.0  286.0  690.0  342.0  313.0  383.0  474.0  569.0  380.0  346.0  261.0  563.0  475.0  0.0  

Entita c.1:  0.0  0.0  0.0  0.0  0.0  670.0  299.0  311.0  333.0  307.0  433.0  243.0  525.0  294.0  540.0  505.0  399.0  153.0  400.0  232.0  544.0  257.0  354.0  432.0  353.0  

Entita c.2:  0.0  0.0  0.0  0.0  0.0  468.0  483.0  515.0  530.0  367.0  398.0  477.0  299.0  214.0  309.0  350.0  376.0  158.0  579.0  439.0  607.0  77.0  539.0  204.0  343.0  

Entita c.3:  0.0  0.0  0.0  0.0  0.0  306.0  496.0  550.0  550.0  289.0  213.0  579.0  238.0  104.0  271.0  125.0  210.0  379.0  569.0  492.0  469.0  307.0  543.0  320.0  203.0  

Entita c.4:  0.0  0.0  0.0  0.0  0.0  496.0  332.0  395.0  384.0  103.0  70.0  483.0  472.0  172.0  506.0  287.0  38.0  464.0  377.0  365.0  237.0  457.0  363.0  533.0  37.0  

Entita c.5:  0.0  0.0  0.0  0.0  0.0  683.0  116.0  171.0  170.0  131.0  305.0  251.0  599.0  276.0  625.0  480.0  269.0  376.0  201.0  130.0  322.0  437.0  166.0  580.0  230.0  

Entita c.6:  670.0  468.0  306.0  496.0  683.0  0.0  798.0  854.0  852.0  578.0  441.0  883.0  200.0  410.0  221.0  209.0  460.0  627.0  864.0  798.0  693.0  511.0  841.0  401.0  477.0  

Entita c.7:  299.0  483.0  496.0  332.0  116.0  798.0  0.0  63.0  54.0  230.0  402.0  202.0  714.0  393.0  740.0  593.0  369.0  451.0  101.0  84.0  347.0  533.0  57.0  686.0  335.0  

Entita c.8:  311.0  515.0  550.0  395.0  171.0  854.0  63.0  0.0  32.0  292.0  465.0  160.0  761.0  445.0  786.0  651.0  432.0  465.0  112.0  79.0  403.0  558.0  71.0  720.0  396.0  
